%time,field
1548122187434273004,0.0
1548122187482465982,0.0
1548122187530342102,0.0
1548122187578269958,0.0
1548122187626373052,0.0
1548122187674355983,0.0
1548122187722223997,0.0
1548122187770392894,0.0
1548122187818763971,0.0
1548122187866352081,0.0
1548122187914386987,0.0
1548122187962515115,0.0
1548122188010390043,0.0
1548122188058465957,0.0
1548122188106175899,0.0
1548122188154315948,0.0
1548122188202208042,0.0
1548122188250307083,0.0
1548122188298259973,0.0
1548122188346416950,0.0
1548122188443430900,0.0
1548122188491056919,0.0
1548122188539371967,0.0
1548122188587290048,0.0
1548122188635417938,0.0
1548122188683320999,0.0
1548122188731380939,0.0
1548122188779285907,0.0
1548122188827506065,0.0
1548122188874691009,0.0
1548122188922426939,0.0
1548122188970412969,0.0
1548122189019134998,0.0
1548122189067362070,0.0
1548122189115283012,0.0
1548122189163343906,0.0
1548122189211381912,0.0
1548122189259716033,0.0
1548122189307382106,0.0
1548122189356307983,0.0
1548122189404371976,0.0
1548122189452400922,0.0
1548122189500365018,0.0
1548122189548341035,0.0
1548122189596379041,0.0
1548122189692473888,0.0
1548122189740391016,0.0
1548122189788480043,0.0
1548122189836360931,0.0
1548122189884455919,0.0
1548122189932148933,0.0
1548122189980426073,0.0
1548122190028458118,0.0
1548122190076236963,0.0
1548122190124188899,0.0
1548122190172447919,0.0
1548122190220326900,0.0
1548122190268469095,0.0
1548122190317159891,0.0
1548122190365391016,0.0
1548122190413292884,0.0
1548122190461374044,0.0
1548122190509186983,0.0
1548122190557368040,0.0
1548122190605300903,0.0
1548122190653373003,0.0
1548122190701214075,0.0
1548122190749336957,0.0
1548122190797250986,0.0
1548122190893441915,0.0
1548122190941307067,0.0
1548122190989445924,0.0
1548122191037175893,0.0
1548122191085387945,0.0
1548122191133405923,0.0
1548122191181056022,0.0
1548122191230084896,0.0
1548122191278501987,0.0
1548122191326383113,0.0
1548122191374433040,0.0
1548122191422331094,0.0
1548122191470449924,0.0
1548122191518678903,0.0
1548122191566473007,0.0
1548122191614259958,0.0
1548122191662432909,0.0
1548122191710380077,0.0
1548122191758414983,0.0
1548122191806199073,0.0
1548122191854823112,0.0
1548122191902350902,0.0
1548122191950416088,0.0
1548122191998471021,0.0
1548122192046308040,0.0
1548122192142544984,0.0
1548122192191540002,0.0
1548122192239170074,0.0
1548122192287291049,0.0
1548122192335434913,0.0
1548122192383429050,0.0
1548122192431283950,0.0
1548122192479129076,0.0
1548122192527497053,0.0
1548122192575485944,0.0
1548122192623291969,0.0
1548122192671385049,0.0
1548122192719377040,0.0
1548122192767308950,0.0
1548122192815325021,0.0
1548122192863378047,0.0
1548122192911251068,0.0
1548122192959880113,0.0
1548122193007358074,0.0
1548122193055392980,0.0
1548122193104226112,0.0
1548122193152308940,0.0
1548122193200292110,0.0
1548122193248105049,0.0
1548122193296287059,0.0
1548122193392503976,0.0
1548122193440305948,0.0
1548122193488425016,0.0
1548122193536360979,0.0
1548122193584388971,0.0
1548122193632083892,0.0
1548122193680686950,0.0
1548122193728312015,0.0
1548122193776460886,0.0
1548122193824280023,0.0
1548122193872503042,0.0
1548122193920389890,0.0
1548122193968375921,0.0
1548122194016220092,0.0
1548122194065373897,0.0
1548122194113219022,0.0
1548122194161375045,0.0
1548122194209273099,0.0
1548122194256660938,0.0
1548122194304905891,0.0
1548122194353357076,0.0
1548122194401216983,0.0
1548122194449352025,0.0
1548122194497267961,0.0
1548122194593413114,0.0
1548122194641052961,0.0
1548122194689001083,0.0
1548122194736388921,0.0
1548122194785434961,0.0
1548122194832307100,0.0
1548122194881133079,0.0
1548122194929505109,0.0
1548122194978476047,0.0
1548122195026423931,0.0
1548122195074518918,0.0
1548122195122421979,0.0
1548122195170438051,0.0
1548122195218477964,0.0
1548122195266416072,0.0
1548122195314495086,0.0
1548122195362538099,0.0
1548122195410310029,0.0
1548122195458374023,0.0
1548122195506283998,0.0
1548122195554397106,0.0
1548122195602431058,0.0
1548122195650531053,0.0
1548122195698462009,0.0
1548122195746474027,0.0
1548122195842567920,0.0
1548122195890250921,0.0
1548122195939446926,0.0
1548122195987355947,0.0
1548122196035502910,0.0
1548122196083461046,0.0
1548122196131256103,0.0
1548122196179231882,0.0
1548122196227310895,0.0
1548122196275114059,0.0
1548122196323173046,0.0
1548122196371407985,0.0
1548122196419454097,0.0
1548122196467428922,0.0
1548122196515291929,0.0
1548122196563400030,0.0
1548122196611450910,0.0
1548122196659194946,0.0
1548122196707417011,0.0
1548122196755275964,0.0
1548122196803442001,0.0
1548122196852395057,0.0
1548122196900333881,0.0
1548122196948299884,0.0
1548122196996452093,0.0
1548122197092436075,0.0
1548122197140178918,0.0
1548122197188404083,0.0
1548122197236124038,0.0
1548122197283735036,0.0
1548122197332395076,0.0
1548122197380348920,0.0
1548122197428282022,0.0
1548122197476466894,0.0
1548122197524315118,0.0
1548122197572329044,0.0
1548122197620317935,0.0
1548122197668433904,0.0
1548122197716172933,0.0
1548122197764426946,0.0
1548122197813244104,0.0
1548122197861537933,0.0
1548122197909574031,0.0
1548122197957401037,0.0
1548122198005352020,0.0
1548122198053350925,0.0
1548122198101125955,0.0
1548122198149379014,0.0
1548122198197279930,0.0
1548122198293555021,0.0
1548122198341432094,0.0
1548122198389290094,0.0
1548122198437410116,0.0
1548122198485270977,0.0
1548122198533256053,0.0
1548122198581562042,0.0
1548122198629544973,0.0
1548122198677442073,0.0
1548122198726480960,0.0
1548122198774584054,0.0
1548122198822457075,0.0
1548122198870373010,0.0
1548122198918283939,0.0
1548122198966470956,0.0
1548122199014475107,0.0
1548122199062413930,0.0
1548122199110409021,0.0
1548122199158514022,0.0
1548122199206233978,0.0
1548122199254406929,0.0
1548122199302547931,0.0
1548122199350342035,0.0
1548122199398488998,0.0
1548122199446413993,0.0
1548122199542617082,0.0
1548122199590373039,0.0
1548122199639317035,0.0
1548122199687393903,0.0
1548122199735505104,0.0
1548122199783457994,0.0
1548122199831330060,0.0
1548122199879383087,0.0
1548122199927447080,0.0
1548122199975197076,0.0
1548122200023467063,0.0
1548122200071204900,0.0
1548122200119564056,0.0
1548122200167371034,0.0
1548122200215447902,0.0
1548122200263201951,0.0
1548122200311379909,0.0
1548122200359214067,0.0
1548122200407493114,0.0
1548122200455385923,0.0
1548122200503446102,0.0
1548122200551337003,0.0
1548122200600374937,0.0
1548122200648370027,0.0
1548122200696448087,0.0
1548122200792381048,0.0
1548122200840468883,0.0
1548122200888474941,0.0
1548122200936377048,0.0
1548122200984463930,0.0
1548122201032210111,0.0
1548122201080478906,0.0
1548122201128510951,0.0
1548122201176395893,0.0
1548122201224404096,0.0
1548122201272473096,0.0
1548122201320390939,0.0
1548122201368459939,0.0
1548122201416070938,0.0
1548122201464503049,0.0
1548122201512464046,0.0
1548122201561254978,0.0
1548122201609514951,0.0
1548122201657438039,0.0
1548122201705452919,0.0
1548122201753376007,0.0
1548122201801088094,0.0
1548122201849370956,0.0
1548122201897236108,0.0
1548122201993526935,0.0
1548122202041393995,0.0
1548122202089394092,0.0
1548122202137274026,0.0
1548122202185158967,0.0
1548122202233516931,0.0
1548122202281392097,0.0
1548122202329400062,0.0
1548122202377511024,0.0
1548122202425218105,0.0
1548122202474082946,0.0
1548122202522305011,0.0
1548122202570437908,0.0
1548122202618453979,0.0
1548122202666420936,0.0
1548122202714559078,0.0
1548122202762274980,0.0
1548122202810406923,0.0
1548122202858522891,0.0
1548122202906092882,0.0
1548122202954390048,0.0
1548122203002324104,0.0
1548122203050358057,0.0
1548122203098321914,0.0
1548122203146310091,0.0
1548122203242307901,0.0
1548122203290232896,0.0
1548122203338604927,0.0
1548122203386342048,0.0
1548122203435508966,0.0
1548122203483258962,0.0
1548122203531213045,0.0
1548122203579404115,0.0
1548122203627409934,0.0
1548122203675447940,0.0
1548122203723535060,0.0
1548122203771239042,0.0
1548122203819356918,0.0
1548122203867336034,0.0
1548122203915450096,0.0
1548122203963423013,0.0
1548122204011441946,0.0
1548122204059315919,0.0
1548122204107310056,0.0
1548122204155410051,0.0
1548122204203403949,0.0
1548122204251156091,0.0
1548122204299447059,0.0
1548122204348289966,0.0
1548122204444485902,0.0
1548122204492372035,0.0
1548122204540401935,0.0
1548122204588440895,0.0
1548122204636413097,0.0
1548122204684452056,0.0
1548122204732506990,0.0
1548122204780443906,0.0
1548122204828528881,0.0
1548122204876305103,0.0
1548122204924508094,0.0
1548122204972408056,0.0
1548122205020447015,0.0
1548122205068389892,0.0
1548122205116314888,0.0
1548122205164324045,0.0
1548122205212409973,0.0
1548122205260442018,0.0
1548122205309416055,0.0
1548122205357374906,0.0
1548122205405561923,0.0
1548122205453339099,0.0
1548122205501446962,0.0
1548122205549267053,0.0
1548122205597372055,0.0
1548122205693542003,0.0
1548122205741525888,0.0
1548122205789520025,0.0
1548122205837119102,0.0
1548122205885585069,0.0
1548122205933588027,0.0
1548122205981336116,0.0
1548122206029628992,0.0
1548122206077558040,0.0
1548122206125272035,0.0
1548122206173391103,0.0
1548122206222062110,0.0
1548122206270325899,0.0
1548122206318495035,0.0
1548122206366506099,0.0
1548122206414330005,0.0
1548122206462580919,0.0
1548122206510402917,0.0
1548122206558387994,0.0
1548122206606358051,0.0
1548122206654479026,0.0
1548122206702172994,0.0
1548122206750557899,0.0
1548122206798360109,0.0
1548122206846365928,0.0
1548122206942514896,0.0
1548122206990315914,0.0
1548122207038554906,0.0
1548122207086463928,0.0
1548122207134495019,0.0
1548122207183340072,0.0
1548122207231262922,0.0
1548122207279350042,0.0
1548122207327383995,0.0
1548122207375308036,0.0
1548122207423465013,0.0
1548122207471503973,0.0
1548122207519316911,0.0
1548122207567255973,0.0
1548122207615390062,0.0
1548122207663173913,0.0
1548122207711328029,0.0
1548122207759462118,0.0
1548122207807374954,0.0
1548122207855325937,0.0
1548122207903314113,0.0
1548122207951421976,0.0
1548122207999377012,0.0
1548122208047056913,0.0
1548122208144437074,0.0
1548122208192099094,0.0
1548122208240401983,0.0
1548122208288348913,0.0
1548122208336349010,0.0
1548122208384166002,0.0
1548122208432404994,0.0
1548122208480401039,0.0
1548122208528528928,0.0
1548122208576441049,0.0
1548122208624505043,0.0
1548122208672312021,0.0
1548122208720455884,0.0
1548122208768237113,0.0
1548122208816468954,0.0
1548122208864247083,0.0
1548122208912365913,0.0
1548122208960330963,0.0
1548122209008440017,0.0
1548122209057313919,0.0
1548122209105421066,0.0
1548122209153188943,0.0
1548122209201333999,0.0
1548122209248784065,0.0
1548122209297247886,0.0
1548122209393426895,0.0
1548122209441457986,0.0
1548122209489435911,0.0
1548122209537030935,0.0
1548122209585521936,0.0
1548122209633352994,0.0
1548122209681337118,0.0
1548122209729440927,0.0
1548122209777401924,0.0
1548122209825277090,0.0
1548122209873338937,0.0
1548122209921448945,0.0
1548122209970393896,0.0
1548122210018322944,0.0
1548122210066493988,0.0
1548122210114413976,0.0
1548122210162472009,0.0
1548122210210365056,0.0
1548122210258435964,0.0
1548122210306334018,0.0
1548122210354387998,0.0
1548122210402321100,0.0
1548122210450352907,0.0
1548122210498393058,0.0
1548122210546387910,0.0
1548122210642316102,0.0
1548122210690112113,0.0
1548122210738488912,0.0
1548122210786442995,0.0
1548122210834517955,0.0
1548122210882366895,0.0
1548122210931154966,0.0
1548122210979247093,0.0
1548122211027328968,0.0
1548122211075193881,0.0
1548122211123356103,0.0
1548122211171350002,0.0
1548122211219412088,0.0
1548122211267350912,0.0
1548122211315273046,0.0
1548122211363152980,0.0
1548122211411287069,0.0
1548122211459391117,0.0
1548122211507482051,0.0
1548122211555295944,0.0
1548122211603441953,0.0
1548122211651350021,0.0
1548122211699414014,0.0
1548122211747133016,0.0
1548122211844408035,0.0
1548122211892488956,0.0
1548122211940330982,0.0
1548122211988254070,0.0
1548122212036437988,0.0
1548122212084240913,0.0
1548122212132052898,0.0
1548122212180176973,0.0
1548122212228333950,0.0
1548122212276314973,0.0
1548122212324270963,0.0
1548122212372385025,0.0
1548122212420403957,0.0
1548122212467998027,0.0
1548122212516392946,0.0
1548122212564315080,0.0
1548122212612420082,0.0
1548122212660370111,0.0
1548122212708478927,0.0
1548122212756253957,0.0
1548122212805341958,0.0
1548122212853080034,0.0
1548122212901402950,0.0
1548122212949229955,0.0
1548122212997329950,0.0
1548122213093532085,0.0
1548122213141391992,0.0
1548122213189230918,0.0
1548122213237284898,0.0
1548122213285248994,0.0
1548122213333275079,0.0
1548122213381365060,0.0
1548122213429423093,0.0
1548122213477525949,0.0
1548122213525437116,0.0
1548122213573508024,0.0
1548122213621273040,0.0
1548122213669245958,0.0
1548122213718265056,0.0
1548122213766380071,0.0
1548122213814393043,0.0
1548122213862469911,0.0
1548122213910295963,0.0
1548122213958396911,0.0
1548122214006261110,0.0
1548122214054485082,0.0
1548122214102444887,0.0
1548122214150460958,0.0
1548122214197951078,0.0
1548122214246340036,0.0
1548122214342318058,0.0
1548122214390465974,0.0
1548122214438311100,0.0
1548122214486363887,0.0
1548122214534442901,0.0
1548122214582328081,0.0
1548122214630184888,0.0
1548122214679040908,0.0
1548122214727396965,0.0
1548122214775326967,0.0
1548122214823227882,0.0
1548122214871138095,0.0
1548122214919339895,0.0
1548122214967072010,0.0
1548122215015285015,0.0
1548122215063102006,0.0
1548122215111396074,0.0
1548122215159153938,0.0
1548122215207412958,0.0
1548122215255423069,0.0
1548122215303441047,0.0
1548122215351315021,0.0
1548122215399410963,0.0
1548122215447321891,0.0
1548122215543446063,0.0
1548122215592334985,0.0
1548122215640453100,0.0
1548122215688265085,0.0
1548122215736320018,0.0
1548122215784101009,0.0
1548122215832412004,0.0
1548122215880379915,0.0
1548122215928414106,0.0
1548122215976291894,0.0
1548122216024353027,0.0
1548122216072352886,0.0
1548122216120367050,0.0
1548122216168139934,0.0
1548122216216320037,0.0
1548122216264241933,0.0
1548122216312251091,0.0
1548122216360178947,0.0
1548122216408314943,0.0
1548122216456188917,0.0
1548122216504395961,0.0
1548122216553221940,0.0
1548122216601387977,0.0
1548122216649115085,0.0
1548122216697350978,0.0
1548122216793337106,0.0
1548122216841259956,0.0
1548122216889375925,0.0
1548122216937237024,0.0
1548122216985543012,0.0
1548122217033386945,0.0
1548122217081217050,0.0
1548122217129240989,0.0
1548122217177306890,0.0
1548122217225123882,0.0
1548122217274327993,0.0500000007451
1548122217322299957,0.20000000298
1548122217370361089,0.230000004172
1548122217418482065,0.330000013113
1548122217466427087,1.13999998569
1548122217514432907,1.66999995708
1548122217562392950,2.36999988556
1548122217610248088,3.23000001907
1548122217658453941,3.72000002861
1548122217706460952,4.03999996185
1548122217754426956,3.75
1548122217802241086,3.57999992371
1548122217850425004,3.6400001049
1548122217898318052,3.56999993324
1548122217946325063,3.51999998093
1548122218042485952,3.84999990463
1548122218090254068,3.69000005722
1548122218139375925,3.51999998093
1548122218186956882,3.59999990463
1548122218235187053,3.65000009537
1548122218283332109,3.80999994278
1548122218331301927,3.91000008583
1548122218379084110,3.93000006676
1548122218427340030,3.97000002861
1548122218475301980,4.0
1548122218523397922,3.96000003815
1548122218571280956,3.96000003815
1548122218619154930,3.86999988556
1548122218667304039,3.77999997139
1548122218715352058,3.91000008583
1548122218763297080,3.83999991417
1548122218811182022,3.92000007629
1548122218859221935,3.90000009537
1548122218907408952,3.6400001049
1548122218955322027,3.76999998093
1548122219003422021,3.73000001907
1548122219051172018,3.70000004768
1548122219099251031,3.68000006676
1548122219147193908,3.63000011444
1548122219243426084,4.63000011444
1548122219291302919,6.28999996185
1548122219339320898,6.21000003815
1548122219387305021,5.78000020981
1548122219435270071,5.44999980927
1548122219483311891,5.71999979019
1548122219531081914,5.53000020981
1548122219579124927,5.84000015259
1548122219627358913,5.63000011444
1548122219676255941,6.40000009537
1548122219724256038,6.07000017166
1548122219772372007,6.03000020981
1548122219820322990,6.23000001907
1548122219868247985,6.0
1548122219916260004,6.51999998093
1548122219964217901,6.53000020981
1548122220012403011,6.51000022888
1548122220060322999,6.69000005722
1548122220108320951,3.24000000954
1548122220156347990,0.0
1548122220204320907,0.0
1548122220252262115,0.0
1548122220301364898,0.0
1548122220349214076,0.0
1548122220397397041,0.0
1548122220493385076,0.0
1548122220541323900,0.0
1548122220589395999,0.0
1548122220637273073,0.0
1548122220685312032,0.0
1548122220733412027,0.0
1548122220781308889,0.0
1548122220829277038,0.0
1548122220877227067,0.0
1548122220924918889,0.0
1548122220973218917,0.0
1548122221021157026,0.0
1548122221069264888,0.0
1548122221117269992,0.0
1548122221165057897,0.0
1548122221213992118,0.019999999553
1548122221261702060,0.270000010729
1548122221310059070,0.670000016689
1548122221358423948,0.649999976158
1548122221406233072,0.629999995232
1548122221454411983,0.610000014305
1548122221502305984,1.13999998569
1548122221550414085,1.01999998093
1548122221598315000,1.04999995232
1548122221646270036,1.09000003338
1548122221742439031,1.08000004292
1548122221790167093,0.980000019073
1548122221838378906,0.689999997616
1548122221886193037,0.639999985695
1548122221934448003,0.72000002861
1548122221982111930,0.419999986887
1548122222030348062,0.589999973774
1548122222078226089,0.560000002384
1548122222127337932,0.740000009537
1548122222175187110,0.709999978542
1548122222223351001,0.509999990463
1548122222271339893,0.479999989271
1548122222319192886,0.310000002384
1548122222367168903,0.439999997616
1548122222415313959,0.280000001192
1548122222463279962,0.259999990463
1548122222511337995,0.25
1548122222559458971,0.0
1548122222607470989,0.119999997318
1548122222655363082,0.0
1548122222703447103,0.109999999404
1548122222751221895,0.0
1548122222799151897,0.0
1548122222847208023,0.0
1548122222943605899,0.0
1548122222991261005,0.0
1548122223039279937,0.0
1548122223087282896,0.0
1548122223135305881,0.0
1548122223183013916,0.0
1548122223231178998,0.0
1548122223279267072,0.0
1548122223328335046,0.0
1548122223376362085,0.0
1548122223424448966,0.0
1548122223472306966,0.0
1548122223520406007,0.0
1548122223568294048,0.0
1548122223616301059,0.0
1548122223664340972,0.0
1548122223712394952,0.0
1548122223760260105,0.0
1548122223808389902,0.0
1548122223856143951,0.0
1548122223904366016,0.0
1548122223952193975,0.0
1548122224000252962,0.0
1548122224048249006,0.0
1548122224096129894,0.0
1548122224192281007,0.0
1548122224240981101,0.0
1548122224289448976,0.0
1548122224337337970,0.0
1548122224385267019,0.0
1548122224433274030,0.0
1548122224481256961,0.0
1548122224529323101,0.0
1548122224577320098,0.0
1548122224625036001,0.0
1548122224673325061,0.0
1548122224721376895,0.0
1548122224769582033,0.0
1548122224817266941,0.0
1548122224865387916,0.0
1548122224913219928,0.0
1548122224961227893,0.0
1548122225009212970,0.0
1548122225057333946,0.0
1548122225105181932,0.0
1548122225153285980,0.0
1548122225202100038,0.0
1548122225249922037,0.0
1548122225297975063,0.0
1548122225346384048,0.0
1548122225442460060,0.0
1548122225490202903,0.0
1548122225538403987,0.0
1548122225586137056,0.0
1548122225634396076,0.0
1548122225682116985,0.0
1548122225730299949,0.0
1548122225778223991,0.0
1548122225826345920,0.0
1548122225874397993,0.0
1548122225922314882,0.0
1548122225970243930,0.0
1548122226018378973,0.0
1548122226066127061,0.0
1548122226115267038,0.0
1548122226163130044,0.0
1548122226211280107,0.0
1548122226259332895,0.0
1548122226307279109,0.0
1548122226355257987,0.0
1548122226403279066,0.0
1548122226451033115,0.0
1548122226499247074,0.0
1548122226547224998,0.0
1548122226643271923,0.0
1548122226691306114,0.0
1548122226739315032,0.0
1548122226787308931,0.0
1548122226835329055,0.0
1548122226883234977,0.0
1548122226931360006,0.0
1548122226979418039,0.0
1548122227027412891,0.0
1548122227076401948,0.0
1548122227124284029,0.0
1548122227172116041,0.0
1548122227220280885,0.0
1548122227268208026,0.0
1548122227316385984,0.0
1548122227364341974,0.0
1548122227412391901,0.0
1548122227460283994,0.0
1548122227508416891,0.0
1548122227556042909,0.0
1548122227604414939,0.0
1548122227652299880,0.0
1548122227700289964,0.0
1548122227748177051,0.0
1548122227796372890,0.0
1548122227892435073,0.0
1548122227940304040,0.0
1548122227989279985,0.0
1548122228037295103,0.0
1548122228085448026,0.0
1548122228133347988,0.0
1548122228181109905,0.0
1548122228229314088,0.0
1548122228277311086,0.0
1548122228325000047,0.0
1548122228373389959,0.0
1548122228421128988,0.0
1548122228469225883,0.0
1548122228517326116,0.0
1548122228565294981,0.0
1548122228613122940,0.0
1548122228661278009,0.00999999977648
1548122228709144115,0.5
1548122228757275104,0.0
1548122228805315971,0.0
1548122228854367971,0.0799999982119
1548122228902331113,0.0
1548122228950144052,0.0
1548122228998238086,0.119999997318
1548122229094436883,0.0
1548122229142345905,0.0599999986589
1548122229190176963,0.360000014305
1548122229238364934,0.0
1548122229286345005,0.389999985695
1548122229334199905,1.14999997616
1548122229382452011,0.360000014305
1548122229430179119,0.709999978542
1548122229478349924,0.709999978542
1548122229526187896,1.09000003338
1548122229574440002,1.16999995708
1548122229622262001,1.24000000954
1548122229670420885,1.37000000477
1548122229719237089,1.42999994755
1548122229766346931,1.37000000477
1548122229814321994,1.32000005245
1548122229863387107,1.28999996185
1548122229911151885,1.37999999523
1548122229959153890,1.28999996185
1548122230007286071,1.28999996185
1548122230055295944,1.25
1548122230103271961,1.24000000954
1548122230151314973,1.20000004768
1548122230199270009,1.19000005722
1548122230247375965,1.14999997616
1548122230343416929,1.14999997616
1548122230391259908,1.05999994278
1548122230439302921,1.10000002384
1548122230487256050,1.00999999046
1548122230535478115,1.05999994278
1548122230583415031,0.990000009537
1548122230631227970,0.97000002861
1548122230680440902,0.980000019073
1548122230728348016,1.07000005245
1548122230776283979,1.07000005245
1548122230824357032,1.05999994278
1548122230872095108,0.920000016689
1548122230920243024,1.05999994278
1548122230968270063,0.990000009537
1548122231016232013,0.990000009537
1548122231064261913,0.97000002861
1548122231112370014,0.939999997616
1548122231160263061,0.949999988079
1548122231208148956,0.930000007153
1548122231255996942,0.850000023842
1548122231304302930,0.899999976158
1548122231352210998,0.850000023842
1548122231400326013,0.790000021458
1548122231449347972,0.839999973774
1548122231497284889,0.769999980927
1548122231593372106,0.740000009537
1548122231641062974,0.72000002861
1548122231689305067,0.689999997616
1548122231737363100,0.689999997616
1548122231785342931,0.680000007153
1548122231833342075,0.639999985695
1548122231881335973,0.629999995232
1548122231929330110,0.620000004768
1548122231977327108,0.589999973774
1548122232025332927,0.569999992847
1548122232073303937,0.550000011921
1548122232121038913,0.540000021458
1548122232169178962,0.519999980927
1548122232217279911,0.509999990463
1548122232265068054,0.479999989271
1548122232313260078,0.469999998808
1548122232361366033,0.449999988079
1548122232409296035,0.439999997616
1548122232458264112,0.419999986887
1548122232506405115,0.40000000596
1548122232554460048,0.389999985695
1548122232602324008,0.550000011921
1548122232650460958,0.540000021458
1548122232698335886,0.52999997139
1548122232746417045,0.579999983311
1548122232842421054,0.610000014305
1548122232890475988,0.610000014305
1548122232938412904,0.610000014305
1548122232986112117,0.620000004768
1548122233034424066,1.04999995232
1548122233082072973,0.870000004768
1548122233130125999,0.589999973774
1548122233179199934,0.589999973774
1548122233227133035,0.550000011921
1548122233274635076,0.569999992847
1548122233323268890,0.550000011921
1548122233371296882,0.509999990463
1548122233419301033,0.509999990463
1548122233467118024,0.490000009537
1548122233515321969,0.5
1548122233563157081,0.490000009537
1548122233611438035,0.5
1548122233659303903,0.540000021458
1548122233707098007,0.52999997139
1548122233755089998,0.850000023842
1548122233803302049,1.66999995708
1548122233851068973,2.55999994278
1548122233899224996,3.16000008583
1548122233947055101,3.33999991417
1548122234043332099,3.41000008583
1548122234092060089,3.3599998951
1548122234140191078,3.42000007629
1548122234236175060,3.3900001049
1548122234284226894,3.02999997139
1548122234332359075,2.70000004768
1548122234380276918,2.75999999046
1548122234428251028,2.74000000954
1548122234476397991,2.75
1548122234524372100,2.73000001907
1548122234571993112,2.69000005722
1548122234620280027,2.63000011444
1548122234668278932,2.61999988556
1548122234716300964,2.54999995232
1548122234764270067,2.51999998093
1548122234812264919,2.47000002861
1548122234908412933,2.36999988556
1548122234956284999,2.31999993324
1548122235004332065,2.26999998093
1548122235052123069,2.22000002861
1548122235100291967,2.20000004768
1548122235148224115,2.13000011444
1548122235196238040,2.08999991417
1548122235244199037,2.04999995232
1548122235292237043,2.01999998093
1548122235340075969,1.96000003815
1548122235388355016,1.91999995708
1548122235436362981,1.87999999523
1548122235485179901,1.85000002384
1548122235533238887,1.83000004292
1548122235581103086,1.75999999046
1548122235629312992,1.76999998093
1548122235677232027,1.70000004768
1548122235725126981,1.69000005722
1548122235773324966,1.67999994755
1548122235821361064,1.59000003338
1548122235869285106,1.61000001431
1548122235917150974,1.59000003338
1548122235965374946,1.54999995232
1548122236013125896,1.50999999046
1548122236061350107,1.49000000954
1548122236157397985,1.42999994755
1548122236205312013,1.41999995708
1548122236253282070,1.37999999523
1548122236301342964,1.33000004292
1548122236349330902,1.34000003338
1548122236398124933,1.30999994278
1548122236446443080,1.27999997139
1548122236494312047,1.24000000954
1548122236542256116,1.26999998093
1548122236590305089,1.16999995708
1548122236638412952,1.22000002861
1548122236686289072,1.13999998569
1548122236734411954,1.12999999523
1548122236781938076,1.09000003338
1548122236830195903,1.12000000477
1548122236878314018,1.07000005245
1548122236926296949,1.02999997139
1548122236974277973,1.04999995232
1548122237022366046,1.02999997139
1548122237070282936,0.910000026226
1548122237118263959,1.02999997139
1548122237166156053,0.860000014305
1548122237214308023,0.920000016689
1548122237262166976,0.889999985695
1548122237311297893,0.850000023842
1548122237407421112,0.839999973774
1548122237455192089,0.77999997139
1548122237503287076,0.839999973774
1548122237551301956,0.77999997139
1548122237599155902,0.730000019073
1548122237647339105,0.680000007153
1548122237695316076,0.769999980927
1548122237743138074,0.699999988079
1548122237791233062,0.639999985695
1548122237839263916,0.660000026226
1548122237887379884,0.660000026226
1548122237935012102,0.600000023842
1548122237983341932,0.629999995232
1548122238031116962,0.759999990463
1548122238080272912,0.980000019073
1548122238128289937,0.959999978542
1548122238176292896,1.03999996185
1548122238224270105,1.14999997616
1548122238272360086,1.23000001907
1548122238320272922,1.27999997139
1548122238368339061,1.33000004292
1548122238416281938,1.37000000477
1548122238464360952,1.42999994755
1548122238512268066,1.46000003815
1548122238608375072,1.53999996185
1548122238656397104,1.57000005245
1548122238704289913,1.59000003338
1548122238751995086,1.62000000477
1548122238800266981,1.63999998569
1548122238848196029,1.64999997616
1548122238896073102,1.67999994755
1548122238944149971,1.66999995708
1548122238992346048,1.67999994755
1548122239041110038,1.69000005722
1548122239089236021,1.62999999523
1548122239137114048,1.66999995708
1548122239185100078,1.66999995708
1548122239233246088,1.65999996662
1548122239281063079,1.63999998569
1548122239329238891,1.65999996662
1548122239377305984,1.62999999523
1548122239425172090,1.63999998569
1548122239473268985,1.64999997616
1548122239521385908,1.63999998569
1548122239569411039,1.62000000477
1548122239617249011,1.64999997616
1548122239665340900,1.60000002384
1548122239713009119,1.61000001431
1548122239761344909,1.62000000477
1548122239858416080,1.61000001431
1548122239906399965,1.61000001431
1548122239954269886,1.59000003338
1548122240002331972,1.60000002384
1548122240050362110,1.61000001431
1548122240097984075,1.58000004292
1548122240146281003,1.5
1548122240194288015,1.48000001907
1548122240242345094,1.52999997139
1548122240290292978,1.50999999046
1548122240338387012,1.49000000954
1548122240386022090,1.47000002861
1548122240434192895,1.46000003815
1548122240482148885,1.44000005722
1548122240530147075,1.40999996662
1548122240578085899,1.39999997616
1548122240626336097,1.37999999523
1548122240674077033,1.36000001431
1548122240722367048,1.33000004292
1548122240770221948,1.32000005245
1548122240818378925,1.29999995232
1548122240866996049,1.25999999046
1548122240915210962,1.25999999046
1548122240963026046,1.24000000954
1548122241011265993,1.22000002861
1548122241107201099,1.17999994755
1548122241155244112,1.14999997616
1548122241203226089,1.13999998569
1548122241251166105,1.11000001431
1548122241299248933,1.09000003338
1548122241347402095,1.07000005245
1548122241395375967,1.04999995232
1548122241443314075,1.03999996185
1548122241491341114,1.01999998093
1548122241539149045,1.00999999046
1548122241587295055,0.959999978542
1548122241635283946,0.949999988079
1548122241683273077,0.920000016689
1548122241731076002,0.899999976158
1548122241779356002,0.889999985695
1548122241828037977,0.879999995232
1548122241876228094,0.850000023842
1548122241924024105,0.839999973774
1548122241972321987,0.810000002384
1548122242020320892,0.810000002384
1548122242068209886,0.769999980927
1548122242116122961,0.759999990463
1548122242164335012,0.740000009537
1548122242212224006,0.72000002861
1548122242308370113,0.670000016689
1548122242356209039,0.660000026226
1548122242404221057,0.639999985695
1548122242452354907,0.629999995232
1548122242500366926,0.620000004768
1548122242548187971,0.759999990463
1548122242596302986,2.3900001049
1548122242644097089,9.35999965668
1548122242692331075,9.32999992371
1548122242741250991,9.39000034332
1548122242789331912,0.0
1548122242837292909,0.0
1548122242885272979,0.0
1548122242933221101,0.0
1548122242981306076,0.0
1548122243028949022,0.0
1548122243077233076,0.0
1548122243125219106,0.0
1548122243173191070,0.0
1548122243221215009,0.0
1548122243269241094,0.0
1548122243317257881,0.0
1548122243365240097,0.0
1548122243413263082,0.0
1548122243461380004,0.0
1548122243557545900,0.0
1548122243605326890,0.0
1548122243653426885,0.0
1548122243702337026,0.0
1548122243750505924,0.0
1548122243798101902,0.0
1548122243846343040,0.0
1548122243894212007,0.0
1548122243942475080,0.0
1548122243990329027,0.0
1548122244038377046,0.0
1548122244086252927,0.0
1548122244134198904,0.0
1548122244182151079,0.0
1548122244230216979,0.0
1548122244278400897,0.0
1548122244326282024,0.0
1548122244374236106,0.0
1548122244422260999,0.0
1548122244470055103,0.0
1548122244518227100,0.0
1548122244566255092,0.0
1548122244614243984,0.0
1548122244663336038,0.0
1548122244711399078,0.0
1548122244807219982,0.0
1548122244855392932,0.0
1548122244903290987,0.0
1548122244951245069,0.0
1548122244999046087,0.0
1548122245047264099,0.0
1548122245095264911,0.0
1548122245143234014,0.0
1548122245191243886,0.0
1548122245238671064,0.0
1548122245286663055,0.0
1548122245335273027,0.0
1548122245383470058,0.0
1548122245431247949,0.0
1548122245479351997,0.0
1548122245527256965,0.0
1548122245575293064,0.0
1548122245623917102,0.0
1548122245672288894,0.0
1548122245720076084,0.0
1548122245768311977,0.0
1548122245816091060,0.0
1548122245864213943,0.0
1548122245912219047,0.0
1548122246008331060,0.0
1548122246056292057,0.0
1548122246104312896,0.0
1548122246152200937,0.0
1548122246200187921,0.0
1548122246248197078,0.0
1548122246296207904,0.0
1548122246344027996,0.0
1548122246392301082,0.0
1548122246440277099,0.0
1548122246488297939,0.0
1548122246537149906,0.0
1548122246585199117,0.0
1548122246633236885,0.0
1548122246681149005,0.0
1548122246728843927,0.0
1548122246777259111,0.0
1548122246825149059,0.0
1548122246873174905,0.0
1548122246921145915,0.0
1548122246969203948,0.0
1548122247017038106,0.0
1548122247065257072,0.0
1548122247113138914,0.0
1548122247161259889,0.0
1548122247257376909,0.0
1548122247305262088,0.0
1548122247353332996,0.0
1548122247401225090,0.0
1548122247449403047,0.0
1548122247498090982,0.0
1548122247546384096,0.0
1548122247594197988,0.0
1548122247642270088,0.0
1548122247690306901,0.0
1548122247738034009,0.0
1548122247786304950,0.0
1548122247834353923,0.0
1548122247882165908,0.0
1548122247930197000,0.0
1548122247978401899,0.0
1548122248026376962,0.0
1548122248074373006,0.0
1548122248122355937,0.0
1548122248170080900,0.0
1548122248218214035,0.0
1548122248266272068,0.0
1548122248314176082,0.0
1548122248362232923,0.0
1548122248411232948,0.0
1548122248507334947,0.0
1548122248555023908,0.0
1548122248603255033,0.0
1548122248651248931,0.0
1548122248699353933,0.0
1548122248747225999,0.0
1548122248795172929,0.0
1548122248843293905,0.0
1548122248891243934,0.0
1548122248939323902,0.0
1548122248987301111,0.0
1548122249035067081,0.0
1548122249083020925,0.0
1548122249131040096,0.0
1548122249179152965,0.0
1548122249227277040,0.0
1548122249275146961,0.0
1548122249323173999,0.0
1548122249372312068,0.0
1548122249420047044,0.0
1548122249468373060,0.0
1548122249516051054,0.0
1548122249564296960,0.0
1548122249612126111,0.0
1548122249708362102,0.0
1548122249756393909,0.0
1548122249804311990,0.0
1548122249852253913,0.0
1548122249900304079,0.0
1548122249948103904,0.0
1548122249996308088,0.0
1548122250044156074,0.0
1548122250092252969,0.0
1548122250140012025,0.0
1548122250188321113,0.0
1548122250236258029,0.0
1548122250284941911,0.0
1548122250333175897,0.0
1548122250381191015,0.0
1548122250429145097,0.0
1548122250477252006,0.0
1548122250525013923,0.0
1548122250573160886,0.0
1548122250621171951,0.0
1548122250669245958,0.0
1548122250717176914,0.0
1548122250765275955,0.0
1548122250813276052,0.0
1548122250861336946,0.0
1548122250957389116,0.0
1548122251005314111,0.0
1548122251053276062,0.0
1548122251101155996,0.0
1548122251149323940,0.0
1548122251197217941,0.0
1548122251246417999,0.0
1548122251294359922,0.0
1548122251342384099,0.0
1548122251390103101,0.0
1548122251438281059,0.0
1548122251486015081,0.0
1548122251534315109,0.0
1548122251582194089,0.0
1548122251630223989,0.0
1548122251678255081,0.0
1548122251726222038,0.0
1548122251774266958,0.0
1548122251822354078,0.0
1548122251869946002,0.0
1548122251918253898,0.0
1548122251966058969,0.0
1548122252014096975,0.0
1548122252062236070,0.0
1548122252110359907,0.0
1548122252207357883,0.0
1548122252254940032,0.0
1548122252303286075,0.0
1548122252351083040,0.0
1548122252399389028,0.0
1548122252447146892,0.0
1548122252495255947,0.0
1548122252543245077,0.0
1548122252591267108,0.0
1548122252639180898,0.0
1548122252687282085,0.0
1548122252735034942,0.0
1548122252783272027,0.0
1548122252831020116,0.0
1548122252879194974,0.0
1548122252927191972,0.0
1548122252975302934,0.0
1548122253023219108,0.0
1548122253071341991,0.0
1548122253120225906,0.0
1548122253168219089,0.0
1548122253216195106,0.0
1548122253264250040,0.0
1548122253312129020,0.0
1548122253408220052,0.0
1548122253456217050,0.0
1548122253504271984,0.0
1548122253552289962,0.0
1548122253600289106,0.0
1548122253648174047,0.0
1548122253696191072,0.0
1548122253744173049,0.0
1548122253792195081,0.0
1548122253840230941,0.0
1548122253888268947,0.0
1548122253936023950,0.0
1548122253984224081,0.0
1548122254033071041,0.0
1548122254081151962,0.0
1548122254129121065,0.0
1548122254177150964,0.0
1548122254225217103,0.0
1548122254273195981,0.0
1548122254321166992,0.0
1548122254369118928,0.0
1548122254417113065,0.0
1548122254465212106,0.0
1548122254513243913,0.0
1548122254561342954,0.0
1548122254657365083,0.0
1548122254705264091,0.0
1548122254753417015,0.0
1548122254801172971,0.0
1548122254849374055,0.0
1548122254897283077,0.0
1548122254945358037,0.0
1548122254994280099,0.0
1548122255042367935,0.0
1548122255090286016,0.0
1548122255138376951,0.0
1548122255185976982,0.0
1548122255233949899,0.0
1548122255282198905,0.0
1548122255330205917,0.0
1548122255378257036,0.0
1548122255426204919,0.0
1548122255474278926,0.0
1548122255522350072,0.0
1548122255570070028,0.0
1548122255618355989,0.0
1548122255666076898,0.0
1548122255714405059,0.0
1548122255762130022,0.0
1548122255858455896,0.0
1548122255907069921,0.0
1548122255955274105,0.0
1548122256003212928,0.0
1548122256051222085,0.0
1548122256099275112,0.0
1548122256147344112,0.0
1548122256195122003,0.0
1548122256242511034,0.0
1548122256290796041,0.0
1548122256339310884,0.0
1548122256387238979,0.0
1548122256435261964,0.0
1548122256483207941,0.0
1548122256531080961,0.0
1548122256579174995,0.0
1548122256627166032,0.0
1548122256675232887,0.0
1548122256723300933,0.0
1548122256771042108,0.0
1548122256819221019,0.0
1548122256868172883,0.0
1548122256916045904,0.0
1548122256964184999,0.0
1548122257012073993,0.0
1548122257108261108,0.0
1548122257156023979,0.0
1548122257203948020,0.0
1548122257251842021,0.0
1548122257300234079,0.0
1548122257348185062,0.0
1548122257396325111,0.0
1548122257444083929,0.0
1548122257492260932,0.0
1548122257540230035,0.0
1548122257588294982,0.0
1548122257636116981,0.0
1548122257684156894,0.0
1548122257731786966,0.0
1548122257781042098,0.0
1548122257829191923,0.0
1548122257877264976,0.0
1548122257925087928,0.0
1548122257973215103,0.0
1548122258021123886,0.0
1548122258069211006,0.0
1548122258116854906,0.0
1548122258165110111,0.0
1548122258213254928,0.0
1548122258261122941,0.0
1548122258357254981,0.0
1548122258405160903,0.0
1548122258453337907,0.0
1548122258501060009,0.0
1548122258549252033,0.0
1548122258597265005,0.0
1548122258645296096,0.0
1548122258693169116,0.0
1548122258742213964,0.0
1548122258790220022,0.0
1548122258838181018,0.0
1548122258886111021,0.0
1548122258934191942,0.0
1548122258982146024,0.0
1548122259030177116,0.0
1548122259078253030,0.0
1548122259126239061,0.0
1548122259174237012,0.0
1548122259222225904,0.0
1548122259270203113,0.0
1548122259318244934,0.0
1548122259366169929,0.0
1548122259414427042,0.0
1548122259462347030,0.0
1548122259558361053,0.0
1548122259606026887,0.0
1548122259655277013,0.0
1548122259703247070,0.0
1548122259751246929,0.0
1548122259799190044,0.0
1548122259846966028,0.0
1548122259895186901,0.0
1548122259943253993,0.0
1548122259991063117,0.0
1548122260039216995,0.0
1548122260087033987,0.0
1548122260135329008,0.0
1548122260182954072,0.0
1548122260231036901,0.0
1548122260279176950,0.0
1548122260327159881,0.0
1548122260375227928,0.0
1548122260423177957,0.0
1548122260471265077,0.0
1548122260519258022,0.0
1548122260567127943,0.0
1548122260616275072,0.0
1548122260664187908,0.0
1548122260712272882,0.0
1548122260808157920,0.0
1548122260856271982,0.0
1548122260904323101,0.0
1548122260952130079,0.0
1548122261000221967,0.0
1548122261048065900,0.0
1548122261096297979,0.0
1548122261144136905,0.0
1548122261192087888,0.0
1548122261240262031,0.0
1548122261288332939,0.0
1548122261336173057,0.0
1548122261384308099,0.0
1548122261431896924,0.0
1548122261480328083,0.0
1548122261528242111,0.0
1548122261577274084,0.0
1548122261625205039,0.0
1548122261673258066,0.0
1548122261721191883,0.0
1548122261769195079,0.0
1548122261817012071,0.0
1548122261865185022,0.0
1548122261913005113,0.0
1548122261961328029,0.0
1548122262057286977,0.0
1548122262105185985,0.0
1548122262153301954,0.0
1548122262201117992,0.0
1548122262249393939,0.0
1548122262297111988,0.0
1548122262345391988,0.0
1548122262393237113,0.0
1548122262441257953,0.0
1548122262490221977,0.0
1548122262538186073,0.0
1548122262586123943,0.0
1548122262634390115,0.0
1548122262682102918,0.0
1548122262730088949,0.0
1548122262778173923,0.0
1548122262826231956,0.0
1548122262874011039,0.0
1548122262922243118,0.0
1548122262969999074,0.0
1548122263018294095,0.0
1548122263066237926,0.0
1548122263114020109,0.0
1548122263162159919,0.0
1548122263258286952,0.0
1548122263306082010,0.0
1548122263354393005,0.0
1548122263403094053,0.0
1548122263451206922,0.0
1548122263499259948,0.0
1548122263547079086,0.0
1548122263595207929,0.0
1548122263643318891,0.0
1548122263691222906,0.0
1548122263739402055,0.0
1548122263787112951,0.0
1548122263835269927,0.0
1548122263883167028,0.0
1548122263931027889,0.0
1548122263979192018,0.0
1548122264027273893,0.0
1548122264075149059,0.0
1548122264123230934,0.0
1548122264171252965,0.0
1548122264219089031,0.0
1548122264267251968,0.0
1548122264315232038,0.0
1548122264364176034,0.0
1548122264412197113,0.0
1548122264508310079,0.0
1548122264556296110,0.0
1548122264604301929,0.0
1548122264652096033,0.0
1548122264700314998,0.0
1548122264747932910,0.0
1548122264796313047,0.0
1548122264844266891,0.0
1548122264892214059,0.0
1548122264940093994,0.0
1548122264988198995,0.0
1548122265036215066,0.0
1548122265084276914,0.0
1548122265132045984,0.0
1548122265179929018,0.0
1548122265228213071,0.0
1548122265277137041,0.0
1548122265325236082,0.0
1548122265373269081,0.0
1548122265421103000,0.0
1548122265469253063,0.0
1548122265517071962,0.0
1548122265565078020,0.0
1548122265612993955,0.0
1548122265661123991,0.0
1548122265757333993,0.0
1548122265805126905,0.0
1548122265853220939,0.0
1548122265901113033,0.0
1548122265949278116,0.0
1548122265997283935,0.0
1548122266045258998,0.0
1548122266093194961,0.0
1548122266141208887,0.0
1548122266189001083,0.0
1548122266238065004,0.0
1548122266286169052,0.0
1548122266334213972,0.0
1548122266382154941,0.0
1548122266430145978,0.0
1548122266478224992,0.0
1548122266526211023,0.0
1548122266574040889,0.0
1548122266622103929,0.0
1548122266670114040,0.0
1548122266718204975,0.0
1548122266766191959,0.0
1548122266814034938,0.0
1548122266862231969,0.0
1548122266958324909,0.0
1548122267006131887,0.0
1548122267054104089,0.0
1548122267102319002,0.0
1548122267151170969,0.0
1548122267199183940,0.0
1548122267247284889,0.0
1548122267295233964,0.0
1548122267343300104,0.0
1548122267391033887,0.0
1548122267439335107,0.0
1548122267487268924,0.0
1548122267535274982,0.0
1548122267583162069,0.0
1548122267631098031,0.0
1548122267678955078,0.0
1548122267727200031,0.0
1548122267775305986,0.0
1548122267823255062,0.0
1548122267871169090,0.0
1548122267919250011,0.0
1548122267967173099,0.0
1548122268015276908,0.0
1548122268063066005,0.0
1548122268112222909,0.0
1548122268208301067,0.0
1548122268256205081,0.0
1548122268304197072,0.0
1548122268352060079,0.0
1548122268400271892,0.0
1548122268447932958,0.0
1548122268496182918,0.0
1548122268544152975,0.0
1548122268592283010,0.0
1548122268640219926,0.0
1548122268688189983,0.0
1548122268736196994,0.0
1548122268784271955,0.0
1548122268832112073,0.0
1548122268880263090,0.0
1548122268928046941,0.0
1548122268976217985,0.0
1548122269025069952,0.0
1548122269073103904,0.0
1548122269120876073,0.0
1548122269168478012,0.0
1548122269217055082,0.0
1548122269264971017,0.0
1548122269313021898,0.0
1548122269361195087,0.0
1548122269457264900,0.0
1548122269505126953,0.0
1548122269553286075,0.0
1548122269601191997,0.0
1548122269649190902,0.0
1548122269697340965,0.0
1548122269745331048,0.0
1548122269793260097,0.0
1548122269841249942,0.0
1548122269889054059,0.0
1548122269937107086,0.0
1548122269986263036,0.0
1548122270034352064,0.0
1548122270082356929,0.0
1548122270130110979,0.0
1548122270178348064,0.0
1548122270226303100,0.0
1548122270273927927,0.0
1548122270322266101,0.0
1548122270370382070,0.0
1548122270418241977,0.0
1548122270466183900,0.0
1548122270514168024,0.0
1548122270561989068,0.0
1548122270658266067,0.0
1548122270706060886,0.0
1548122270754213094,0.0
1548122270802283048,0.0
1548122270850078105,0.0
1548122270899048089,0.0
1548122270947302103,0.0
1548122270995208024,0.0
1548122271043320894,0.0
1548122271091156959,0.0
1548122271139389991,0.0
1548122271187033891,0.0
1548122271235137939,0.0
1548122271282490015,0.0
1548122271330969095,0.0
1548122271378947973,0.0
1548122271427113056,0.0
1548122271475296020,0.0
1548122271523299932,0.0
1548122271571194887,0.0
1548122271619262933,0.0
1548122271667181015,0.0
1548122271715255022,0.0
1548122271763148069,0.0
1548122271811157941,0.0
1548122271908284902,0.0
1548122271956103086,0.0
1548122272004237890,0.0
1548122272052083015,0.0
1548122272100258111,0.0
1548122272148011922,0.0
1548122272196176052,0.0
1548122272244019985,0.0
1548122272292272090,0.0
1548122272340177059,0.0
1548122272388163089,0.0
1548122272436203002,0.0
1548122272484324932,0.0
1548122272532124042,0.0
1548122272580127954,0.0
1548122272628231048,0.0
1548122272676127910,0.0
1548122272724178075,0.0
1548122272772207975,0.0
1548122272821079969,0.0
1548122272869221925,0.0
1548122272917125940,0.0
1548122272965135097,0.0
1548122273013227939,0.0
1548122273061201095,0.0
1548122273157135963,0.0
1548122273204960107,0.15000000596
1548122273253123998,0.289999991655
1548122273301065921,0.460000008345
1548122273349126100,1.23000001907
1548122273397140979,1.52999997139
1548122273445233106,1.86000001431
1548122273493134975,2.0
1548122273542103052,1.92999994755
1548122273590059041,1.84000003338
1548122273638150930,1.78999996185
1548122273686172008,1.89999997616
1548122273734148979,2.0
1548122273782120943,2.09999990463
1548122273830049037,2.13000011444
1548122273878176927,2.20000004768
1548122273926126003,2.25
1548122273973819017,2.27999997139
1548122274022252082,2.33999991417
1548122274070054054,2.36999988556
1548122274118280887,2.42000007629
1548122274166168928,2.45000004768
1548122274214220046,2.48000001907
1548122274262140989,2.5
1548122274358277082,2.56999993324
1548122274406264066,2.57999992371
1548122274455262899,2.6099998951
1548122274503233909,2.61999988556
1548122274551260948,2.66000008583
1548122274599031925,2.67000007629
1548122274647133111,2.71000003815
1548122274695056915,2.70000004768
1548122274743216037,2.73000001907
1548122274791276931,2.75
1548122274839215993,2.75999999046
1548122274887152910,2.79999995232
1548122274935188055,2.79999995232
1548122274983242988,2.83999991417
1548122275031038999,2.80999994278
1548122275078883886,2.81999993324
1548122275127145051,2.79999995232
1548122275175019025,2.8599998951
1548122275223334074,2.70000004768
1548122275271173000,2.74000000954
1548122275319266080,2.69000005722
1548122275367052078,2.68000006676
1548122275415278911,2.68000006676
1548122275463223934,2.63000011444
1548122275512083053,2.63000011444
1548122275608437061,2.56999993324
1548122275656269073,2.54999995232
1548122275704226970,2.51999998093
1548122275752192974,2.50999999046
1548122275800290107,2.47000002861
1548122275848375082,2.47000002861
1548122275896235942,2.42000007629
1548122275944231986,2.42000007629
1548122275992306947,2.38000011444
1548122276040193080,2.38000011444
1548122276088258028,2.33999991417
1548122276136208057,2.33999991417
1548122276184154033,2.29999995232
1548122276231985092,2.27999997139
1548122276280246973,2.25
1548122276328058958,2.24000000954
1548122276376163959,2.21000003815
1548122276424161911,2.20000004768
1548122276472126960,2.19000005722
1548122276519905090,2.16000008583
1548122276569058895,2.13000011444
1548122276617105960,2.09999990463
1548122276665175914,2.1099998951
1548122276713309049,2.06999993324
1548122276761149883,2.02999997139
1548122276857263088,1.99000000954
1548122276904926061,1.92999994755
1548122276953186035,1.88999998569
1548122277001188039,1.84000003338
1548122277049194097,1.83000004292
1548122277097075939,1.78999996185
1548122277145308017,1.73000001907
1548122277193182945,1.74000000954
1548122277241233110,1.67999994755
1548122277289113044,1.63999998569
1548122277337181091,1.63999998569
1548122277385009050,1.60000002384
1548122277433223009,1.55999994278
1548122277481146097,1.52999997139
1548122277529282093,1.48000001907
1548122277577156066,1.49000000954
1548122277625154018,1.42999994755
1548122277674294948,1.40999996662
1548122277722299098,1.37999999523
1548122277770015001,1.35000002384
1548122277818018913,1.30999994278
1548122277866147994,1.29999995232
1548122277914156913,1.29999995232
1548122277962085008,1.23000001907
1548122278058352947,1.19000005722
1548122278106183052,1.16999995708
1548122278154198884,1.13999998569
1548122278202229976,1.13999998569
1548122278250248908,1.10000002384
1548122278298226118,1.08000004292
1548122278346301078,1.07000005245
1548122278394188880,1.02999997139
1548122278443295001,1.01999998093
1548122278491184949,1.02999997139
1548122278539386034,0.939999997616
1548122278587209939,0.959999978542
1548122278635227918,0.920000016689
1548122278683140039,0.910000026226
1548122278731050014,0.889999985695
1548122278779242992,0.870000004768
1548122278827158927,0.839999973774
1548122278875046968,0.829999983311
1548122278923253059,0.800000011921
1548122278971133947,0.800000011921
1548122279019222974,0.769999980927
1548122279066817998,0.75
1548122279115159988,0.740000009537
1548122279163037061,0.72000002861
1548122279211158990,0.680000007153
1548122279307275056,0.660000026226
1548122279356106996,0.649999976158
1548122279404195070,0.620000004768
1548122279452204942,0.610000014305
1548122279500197887,0.579999983311
1548122279548037052,0.560000002384
1548122279596174001,0.560000002384
1548122279644267082,0.610000014305
1548122279692292928,0.569999992847
1548122279740078926,0.579999983311
1548122279788214921,0.629999995232
1548122279835984945,0.740000009537
1548122279884243965,1.53999996185
1548122279932202100,1.16999995708
1548122279980098962,1.25999999046
1548122280027932882,1.32000005245
1548122280076049089,1.37999999523
1548122280124116897,1.42999994755
1548122280173059940,1.47000002861
1548122280220850944,1.49000000954
1548122280269186973,1.51999998093
1548122280317101955,1.54999995232
1548122280365060091,1.54999995232
1548122280413132905,1.57000005245
1548122280461077928,1.58000004292
1548122280557303905,1.57000005245
1548122280604969978,1.51999998093
1548122280653178930,1.66999995708
1548122280701090097,1.48000001907
1548122280749294996,1.50999999046
1548122280797168970,1.47000002861
1548122280845238924,1.47000002861
1548122280893151044,1.45000004768
1548122280941154956,1.50999999046
1548122280989249944,1.48000001907
1548122281037139892,1.40999996662
1548122281085901975,1.38999998569
1548122281134268999,1.38999998569
1548122281181372880,1.39999997616
1548122281229986906,1.38999998569
1548122281277609109,1.37999999523
1548122281326194047,1.36000001431
1548122281374242067,1.36000001431
1548122281422311067,1.35000002384
1548122281470217943,1.34000003338
1548122281518187046,1.34000003338
1548122281566317081,1.33000004292
1548122281614304065,1.32000005245
1548122281662056922,1.29999995232
1548122281758419036,1.29999995232
1548122281806005001,1.28999996185
1548122281854280948,1.27999997139
1548122281902179956,1.26999998093
1548122281950254917,1.26999998093
1548122281998169898,1.25999999046
1548122282047070026,1.25
1548122282094954967,1.25
1548122282143173933,1.24000000954
1548122282190957069,1.23000001907
1548122282239129066,1.23000001907
1548122282287182092,1.21000003815
1548122282335024118,1.20000004768
1548122282382956981,1.21000003815
1548122282430996894,1.20000004768
1548122282479207992,1.20000004768
1548122282527250051,1.19000005722
1548122282575275897,1.19000005722
1548122282623130083,1.20000004768
1548122282671159029,1.20000004768
1548122282719146013,1.20000004768
1548122282767054080,1.19000005722
1548122282815259933,1.20000004768
1548122282863076925,1.20000004768
1548122282911183118,1.20000004768
1548122283007169008,1.20000004768
1548122283056188106,1.21000003815
1548122283104151964,1.21000003815
1548122283151973009,1.22000002861
1548122283200156927,1.22000002861
1548122283248107910,1.21000003815
1548122283296241998,1.22000002861
1548122283344153881,1.22000002861
1548122283392189979,1.23000001907
1548122283440148115,1.22000002861
1548122283487968921,1.23000001907
1548122283535944938,1.23000001907
1548122283584239006,1.23000001907
1548122283632137060,1.23000001907
1548122283680275917,1.25
1548122283728136062,1.24000000954
1548122283776005983,1.24000000954
1548122283824153900,1.25
1548122283873233079,1.25
1548122283920882940,1.24000000954
1548122283969085931,1.23000001907
1548122284017170906,1.14999997616
1548122284065315008,1.13999998569
1548122284113164901,1.20000004768
1548122284161175012,1.16999995708
1548122284257318973,1.13999998569
1548122284305041074,1.12999999523
1548122284353235006,1.11000001431
1548122284400996923,1.08000004292
1548122284449240922,1.07000005245
1548122284497134923,1.03999996185
1548122284545217990,1.01999998093
1548122284593130111,1.00999999046
1548122284641225099,0.980000019073
1548122284689039945,0.959999978542
1548122284737350940,0.930000007153
1548122284785223007,0.939999997616
1548122284833255052,0.899999976158
1548122284881162881,0.879999995232
1548122284930088996,0.860000014305
1548122284978209018,0.850000023842
1548122285026205062,0.819999992847
1548122285074075937,0.800000011921
1548122285122169017,0.790000021458
1548122285170269012,0.759999990463
1548122285218208074,0.75
1548122285266212940,0.72000002861
1548122285314189910,0.709999978542
1548122285362055063,0.699999988079
1548122285458273887,0.649999976158
1548122285506117105,0.629999995232
1548122285554227113,0.610000014305
1548122285602057933,0.589999973774
1548122285650222063,0.560000002384
1548122285698173046,0.540000021458
1548122285746193885,0.52999997139
1548122285794080972,0.509999990463
1548122285842277050,0.490000009537
1548122285891148090,0.479999989271
1548122285939201116,0.469999998808
1548122285987179994,0.449999988079
1548122286035228967,0.439999997616
1548122286082989931,0.409999996424
1548122286130954027,0.360000014305
1548122286179044008,0.319999992847
1548122286227011919,0.259999990463
1548122286275073051,0.239999994636
1548122286323057889,0.189999997616
1548122286371084928,0.15000000596
1548122286418993949,0.0
1548122286466763019,0.119999997318
1548122286515007019,0.0
1548122286563097953,0.0799999982119
1548122286611031055,0.0
1548122286707129955,0.289999991655
1548122286755069017,0.0
1548122286803086996,0.0
1548122286851726055,0.0
1548122286900053977,0.0
1548122286947922945,0.0
1548122286996134042,0.0
1548122287044048070,0.0
1548122287092034101,0.0
1548122287139947891,0.0
1548122287187963008,0.0
1548122287235764026,0.0
1548122287284017086,0.0
1548122287331927061,0.0
1548122287380253076,0.0
1548122287428109884,0.0
1548122287476222991,0.0
1548122287523984909,0.0
1548122287572057962,0.0
1548122287620081901,0.0
1548122287668124914,0.0
1548122287716068983,0.0
1548122287763690948,0.0
1548122287812890052,0.0
1548122287861043930,0.0
1548122287957201957,0.0
1548122288004936933,0.0
1548122288053098917,0.0
1548122288101162910,0.0
1548122288149211883,0.0
1548122288197119951,0.0
1548122288245121955,0.0
1548122288292900085,0.0
1548122288341078996,0.0
1548122288389053106,0.0
1548122288437196969,0.0
1548122288484971046,0.0
1548122288533077955,0.0
1548122288581000089,0.0
1548122288629107952,0.0
1548122288676909923,0.0
1548122288726063013,0.0
1548122288774080038,0.0
1548122288822000980,0.0
1548122288870177984,0.0
1548122288918112039,0.0
1548122288966113090,0.0
1548122289014115095,0.0
1548122289061911106,0.0
1548122289158215045,0.0
1548122289206267118,0.0
1548122289254244089,0.0
1548122289302171945,0.0
1548122289350258111,0.0
1548122289398005008,0.0
1548122289446245908,0.0
1548122289494420051,0.0
1548122289542398929,0.0
1548122289590008020,0.0
1548122289638314962,0.0
1548122289687192916,0.0
1548122289735040903,0.0
1548122289782958984,0.0
1548122289830894947,0.0
1548122289878971099,0.0
1548122289927114963,0.0
1548122289975042104,0.0
1548122290023119926,0.0
1548122290071082115,0.0
1548122290119062900,0.0
1548122290166815042,0.0
1548122290215092897,0.0
1548122290263103961,0.0
1548122290311208009,0.0
1548122290407135009,0.0
1548122290455138921,0.0
1548122290503225088,0.0
1548122290551047086,0.0
1548122290600164890,0.0
1548122290648089885,0.0
1548122290696228981,0.0
1548122290744240999,0.0
1548122290792072057,0.0
1548122290839731931,0.0
1548122290887890100,0.0
1548122290936141014,0.0
1548122290984122037,0.0
1548122291032048940,0.0
1548122291080235004,0.0
1548122291128120899,0.0
1548122291176076889,0.0
1548122291223988056,0.0
1548122291272121906,0.0
1548122291320027112,0.0
1548122291368114948,0.0
1548122291416213035,0.0
1548122291464209079,0.0
1548122291512109041,0.0
1548122291609266996,0.0
1548122291656975030,0.0
1548122291705267906,0.0
1548122291753061056,0.0
1548122291801224946,0.0
1548122291849191904,0.0
1548122291897176980,0.0
1548122291945214033,0.0
1548122291993185997,0.0
1548122292040843963,0.0
1548122292089026927,0.0
1548122292137125015,0.0
1548122292185144901,0.0
1548122292233145952,0.0
1548122292281234025,0.0
1548122292329152107,0.0
1548122292377104043,0.0
1548122292424993991,0.0
1548122292474100112,0.0
1548122292522212028,0.0
1548122292570137977,0.0
1548122292618069887,0.0
1548122292666167020,0.0
1548122292714004993,0.0
1548122292762151002,0.0
1548122292858165025,0.0
1548122292905759096,0.0
1548122292954176902,0.0
1548122293002170085,0.0
1548122293050226926,0.0
1548122293097953081,0.0
1548122293146152973,0.0
1548122293194134950,0.0
1548122293242221117,0.0
1548122293290296077,0.0
1548122293338248014,0.0
1548122293386200904,0.0
1548122293435264110,0.0
1548122293482781887,0.0
1548122293530983924,0.0
1548122293579194068,0.0
1548122293627182960,0.0
1548122293675148010,0.0
1548122293723268985,0.0
1548122293771033048,0.0
1548122293819116115,0.0
1548122293866911888,0.0
1548122293915127992,0.10000000149
1548122293962994098,0.140000000596
1548122294011187076,0.0
1548122294107147932,0.180000007153
1548122294155172109,0.189999997616
1548122294203188896,0.20000000298
1548122294251055002,0.209999993443
1548122294300088882,0.419999986887
1548122294348028898,0.589999973774
1548122294396225929,0.5
1548122294444159030,0.439999997616
1548122294492285966,0.660000026226
1548122294540051937,0.289999991655
1548122294587971925,0.180000007153
1548122294635962009,0.170000001788
1548122294684180974,0.0
1548122294732180118,0.140000000596
1548122294780051946,0.109999999404
1548122294828083992,0.0
1548122294876121997,0.10000000149
1548122294923948049,0.0
1548122294972101926,0.0
1548122295020209074,0.0799999982119
1548122295068171024,0.0
1548122295116090059,0.0
1548122295164089918,0.0
1548122295211975097,0.0
1548122295309243917,0.0
1548122295357320070,0.0
1548122295405150890,0.0
1548122295453025102,0.0
1548122295501117944,0.0
1548122295549161911,0.0
1548122295597244024,0.0
1548122295645255088,0.0
1548122295693195104,0.0
1548122295741082906,0.0
1548122295789191007,0.0
1548122295837289094,0.0
1548122295885144948,0.0
1548122295932918071,0.0
1548122295981018066,0.0
1548122296028850078,0.0
1548122296077281951,0.0
1548122296125103950,0.0
1548122296172923088,0.0
1548122296222138881,0.0
1548122296269413948,0.0
1548122296317951917,0.0
1548122296366143941,0.0
1548122296413914918,0.0
1548122296462119102,0.0
1548122296558135032,0.0
1548122296606172084,0.0
1548122296653645038,0.0
1548122296702136039,0.0
1548122296750258922,0.0
1548122296797811031,0.0
1548122296846216917,0.0
1548122296893990993,0.0
1548122296941865921,0.0
1548122296990098953,0.0
1548122297038125991,0.0
1548122297085953950,0.0
1548122297134154081,0.0
1548122297182723045,0.0
1548122297230918884,0.0
1548122297278945922,0.0
1548122297327059984,0.0
1548122297375097036,0.0
1548122297423227071,0.0
1548122297471111059,0.0
1548122297519155025,0.0
1548122297567059993,0.0
1548122297615091085,0.0
1548122297663063049,0.0
1548122297711182117,0.0
1548122297807202100,0.0
1548122297855099916,0.0
1548122297903119087,0.0
1548122297951047897,0.0
1548122297999232053,0.0
1548122298047188043,0.0
1548122298096071958,0.0
1548122298144134998,0.0
1548122298192117929,0.0
1548122298239959001,0.0
1548122298288103103,0.0
1548122298336033105,0.0
1548122298383965015,0.0
1548122298432074069,0.0
1548122298480175018,0.0
1548122298528134107,0.0
1548122298576175928,0.0
1548122298623872995,0.0
1548122298672188997,0.0
1548122298720078945,0.0
1548122298768011093,0.0
1548122298816095113,0.0
1548122298864103078,0.0
1548122298911992073,0.0
1548122299008232116,0.0
1548122299057138919,0.0
1548122299105269908,0.0
1548122299153177022,0.0
1548122299201139926,0.0
1548122299249046087,0.0
1548122299297162055,0.0
1548122299345110893,0.0
1548122299393122911,0.0
1548122299441270112,0.0
1548122299489224910,0.0
1548122299537151098,0.0
1548122299585159063,0.0
1548122299633054018,0.0
1548122299681080102,0.0
1548122299728852987,0.0
1548122299777205944,0.0
1548122299825011968,0.0
1548122299873164892,0.0
1548122299921042919,0.0
1548122299970165967,0.0
1548122300018065929,0.0
1548122300066165924,0.310000002384
1548122300113765954,0.0
1548122300162137031,0.0
1548122300258157014,0.0
1548122300306143045,0.0
1548122300354141950,0.0
1548122300402127027,0.0
1548122300450128078,0.0
1548122300498112916,0.0
1548122300546206951,0.0
1548122300594044923,0.0
1548122300642134904,0.0
1548122300690048933,0.0
1548122300738080978,0.0
1548122300785924911,0.0
1548122300834058046,0.0
1548122300881968975,0.0
1548122300930910110,0.0
1548122300979016065,0.0
1548122301027177095,0.0
1548122301075076103,0.0
1548122301123099088,0.0
1548122301170905113,0.0
1548122301218977928,0.0
1548122301266902923,0.0
1548122301314932107,0.0
1548122301363199949,0.0
1548122301411108970,0.0
1548122301507105112,0.0
1548122301554924011,0.0
1548122301603034973,0.0
1548122301651257038,0.0
1548122301698987960,0.0
1548122301746942996,0.0
1548122301795167922,0.0
1548122301843904972,0.00999999977648
1548122301892060995,0.159999996424
1548122301939909934,0.0
1548122301988149881,0.0
1548122302036089897,0.0
1548122302083952903,0.0
1548122302132023096,0.0
1548122302179920911,0.0
1548122302228023052,0.0
1548122302276165962,0.0
1548122302324014902,0.0
1548122302372080087,0.0
1548122302420027971,0.0
1548122302468163967,0.0
1548122302516062974,0.0
1548122302564147949,0.0
1548122302611974954,0.0
1548122302708170890,0.0
1548122302756182909,0.0
1548122302805126905,0.0
1548122302853048086,0.0
1548122302901186943,0.0
1548122302949074983,0.0
1548122302997167110,0.0
1548122303044858932,0.0
1548122303093082904,0.0
1548122303140829086,0.0
1548122303188841104,0.0
1548122303237092018,0.0
1548122303284915924,0.0
1548122303332787990,0.0
1548122303381004095,0.0
1548122303428864955,0.0
1548122303477083921,0.0
1548122303524915933,0.0
1548122303573208093,0.0
1548122303621125936,0.0
1548122303669258117,0.0
1548122303718125104,0.0
1548122303766156911,0.0
1548122303814044952,0.0
1548122303862159967,0.0
1548122303958193063,0.0
1548122304006167888,0.0
1548122304054220914,0.0
1548122304102206945,0.0
1548122304150156021,0.0
1548122304197928905,0.0
1548122304246246099,0.0
1548122304294164896,0.0
1548122304342123031,0.0
1548122304390064001,0.0
1548122304438075065,0.0
1548122304486083030,0.0
1548122304534178018,0.0
1548122304582098960,0.0
1548122304630198955,0.0
1548122304679186105,0.0
1548122304727180004,0.0
1548122304774981975,0.0
1548122304823044061,0.0
1548122304871062040,0.0
1548122304919188976,0.0
1548122304967000961,0.0
1548122305015070915,0.0
1548122305063061952,0.0
1548122305111125946,0.0
1548122305207065105,0.0
1548122305254793882,0.0
1548122305303114891,0.0
1548122305351090908,0.0
1548122305399139881,0.0
1548122305447084903,0.0
1548122305495230913,0.0
1548122305543093919,0.0
1548122305592092990,0.0
1548122305639746904,0.0
1548122305688095092,0.0
1548122305736042976,0.0
1548122305784251928,0.0
1548122305832082033,0.0
1548122305880186080,0.0
1548122305928109884,0.0
1548122305976083993,0.0
1548122306024199008,0.0
1548122306072093009,0.0
1548122306119992017,0.0
1548122306168047904,0.0
1548122306216008901,0.0
1548122306264029026,0.0
1548122306311867952,0.0
1548122306408128023,0.0
1548122306456064939,0.0
1548122306504100084,0.0
1548122306552980899,0.0
1548122306601140022,0.0
1548122306649022102,0.0
1548122306697041034,0.0
1548122306744718074,0.0
1548122306793011903,0.0
1548122306840893030,0.0
1548122306889081954,0.0
1548122306937005996,0.0
1548122306985115051,0.0
1548122307033008098,0.0
1548122307081036090,0.0
1548122307129093885,0.0
1548122307177036046,0.0
1548122307224682092,0.0
1548122307273118019,0.0
1548122307321012973,0.0
1548122307369204044,0.0
1548122307416886091,0.0
1548122307466073989,0.0
1548122307514080047,0.0
1548122307562211990,0.0
1548122307658260107,0.0
1548122307705764055,0.0
1548122307753725051,0.0
1548122307801601886,0.0
1548122307849227905,0.0
1548122307897185087,0.0
1548122307945113897,0.0
1548122307993318080,0.0
1548122308041136980,0.0
1548122308088913917,0.0
1548122308137233972,0.0
1548122308186101913,0.0
1548122308233895063,0.0
1548122308282089948,0.0
1548122308330043077,0.0
1548122308377856016,0.0
1548122308426892995,0.0
1548122308475003004,0.0
1548122308522912979,0.0
1548122308571619033,0.0
1548122308619057893,0.0
1548122308667052030,0.0
1548122308715003013,0.0
1548122308763031959,0.0
1548122308810973882,0.0
1548122308907263994,0.0
1548122308955414056,0.0
1548122309003197908,0.0
1548122309050935983,0.0
1548122309099045038,0.0
1548122309146995067,0.0
1548122309195034980,0.0
1548122309242839097,0.0
1548122309290997982,0.0
1548122309339905023,0.0
1548122309387921094,0.0
1548122309435914039,0.0
1548122309484086036,0.0
1548122309531836986,0.0
1548122309580081939,0.0
1548122309627839088,0.0
1548122309676088094,0.0
1548122309723948955,0.0
1548122309772089958,0.0
1548122309820024013,0.0
1548122309867963075,0.0
1548122309916059017,0.0
1548122309964044094,0.0
1548122310012032985,0.0
1548122310108047008,0.0
1548122310155894994,0.0
1548122310204061031,0.0
1548122310252974033,0.0
1548122310300913095,0.0
1548122310348762035,0.0
1548122310396995067,0.0
1548122310444978952,0.0
1548122310493181943,0.0
1548122310540987968,0.0
1548122310589093923,0.0
1548122310637094974,0.0
1548122310685014009,0.0
1548122310732790946,0.0
1548122310780992984,0.0
1548122310828978061,0.0
1548122310877059936,0.0
1548122310925136089,0.0
1548122310973025083,0.0
1548122311021125078,0.0
1548122311069026947,0.0
1548122311117197990,0.0
1548122311164839029,0.0
1548122311213845014,0.0
1548122311261346101,0.0
1548122311358155965,0.0
1548122311406049966,0.0
1548122311454101085,0.0
1548122311502325057,0.0
1548122311550126075,0.0
1548122311598187923,0.0
1548122311646015882,0.0
1548122311693965911,0.0
1548122311741991043,0.0
1548122311789973020,0.0
1548122311838002920,0.0
1548122311886459112,0.0
1548122311934076070,0.0
1548122311982027053,0.0
1548122312029897928,0.0
1548122312077967882,0.0
1548122312126025915,0.0
1548122312174868106,0.0
1548122312223021030,0.0
1548122312271564960,0.0
1548122312319101095,0.0
1548122312367098093,0.0
1548122312415050029,0.0
1548122312462964057,0.0
1548122312511099100,0.0
1548122312607049942,0.0
1548122312654974937,0.0
1548122312702862024,0.0
1548122312750929117,0.0
1548122312799061059,0.0
1548122312846971035,0.0
1548122312895008087,0.0
1548122312942894935,0.0
1548122312990966081,0.0
1548122313038999080,0.0
1548122313088078975,0.0
1548122313136045932,0.0
1548122313183939933,0.0
1548122313232069015,0.0
1548122313279922008,0.0
1548122313327965974,0.0
1548122313376059055,0.0
1548122313423990011,0.0
1548122313472035884,0.0
1548122313519968032,0.0
1548122313568169116,0.0
1548122313616008996,0.0
1548122313664103984,0.0
1548122313712565898,0.0
1548122313808182954,0.0
1548122313856096029,0.0
1548122313904222011,0.0
1548122313952033996,0.0
1548122314000109910,0.0
1548122314048739910,0.0
1548122314097085952,0.0
1548122314144964933,0.0
1548122314193078041,0.0
1548122314241132974,0.0
1548122314289113998,0.0
1548122314337140083,0.0
1548122314384859085,0.0
1548122314432878017,0.0
1548122314481046915,0.0
1548122314528973102,0.0
1548122314577064037,0.0
1548122314625041961,0.0
1548122314672658920,0.0
1548122314720988988,0.0
1548122314769025087,0.0
1548122314817805051,0.0
1548122314865005016,0.0
1548122314912980079,0.0
1548122314962068080,0.0
1548122315058244943,0.0
1548122315105215072,0.0
1548122315154058933,0.0
1548122315202688932,0.0
1548122315249774932,0.0
1548122315297962903,0.0
1548122315345776081,0.0
1548122315393873929,0.0
1548122315441875934,0.0
1548122315489763975,0.0
1548122315538180112,0.0
1548122315586074113,0.0
1548122315634010076,0.0
1548122315682013988,0.0
1548122315730159997,0.0
1548122315778157949,0.0
1548122315826113939,0.0
1548122315874165058,0.0
1548122315923434019,0.0
1548122315970894098,0.0
1548122316019102096,0.0
1548122316066860914,0.0
1548122316114963054,0.0
1548122316162885904,0.0
1548122316210956096,0.0
1548122316306919097,0.0
1548122316355001926,0.0
1548122316403089046,0.0
1548122316451055049,0.0
1548122316498982906,0.0
1548122316546838998,0.0
